52.152283
51.786541
51.598736
52.419174
52.784916
52.90353
53.111115
53.249496
52.883762
52.715725
52.943069
52.577332
52.626762
52.616867
53.081459
52.06332
52.023781
51.252766
51.272537
50.877148
51.480118
51.578968
51.8162
50.926571
50.936451
50.442211
50.244518
50.392784
50.77829
51.401039
51.697582
52.083092
52.44883
53.04192
52.804684
54.307175
56.155636
55.315426
54.633373
54.356602
54.43568
54.485096
55.068302
55.394505
54.514759
55.117729
55.483467
55.443932
55.266003
55.335194
55.977711
56.570797
58.508217
58.567532
58.705917
58.389603
58.636723
58.943157
58.893726
59.664749
59.724049
59.386852
59.605038
59.922401
59.228176
60.100922
60.795158
61.400131
61.657993
63.770458
63.998554
64.256409
64.276245
63.710945
63.066296
64.23658
62.768768
63.125809
62.431568
62.431568
62.034863
62.967121
62.957203
62.917534
63.453087
64.018394
63.562176
63.691116
63.760536
64.137405
62.897697
63.284485
63.582016
66.656494
65.843239
66.587059
67.43998
67.152374
67.479652
67.023438
66.775497
67.658165
67.092865
66.666405
63.859707
64.682877
65.0895
61.975361
64.950653
65.436615
65.327522
67.400307
67.727592
67.737518
66.934181
66.49781
66.577141
67.598663
69.076385
67.469734
66.477966
65.773811
65.545013
64.709419
64.898422
63.834026
64.769104
65.952881
66.470154
65.823555
65.853394
66.042404
65.564919
65.365959
66.450256
66.002617
64.082718
64.291611
65.55497
65.823555
65.097382
66.092148
63.78429
66.350777
68.061775
69.225647
67.196327
66.828262
66.649208
66.480103
67.415176
66.897903
66.708893
67.15654
65.853394
65.385864
65.743965
66.529839
66.61937
66.320938
67.693718
69.195808
68.031937
67.743454
67.902611
66.549736
67.743454
68.976952
68.101563
67.594231
67.564392
68.071724
68.479568
69.136116
70.966484
70.568588
70.946594
71.006271
70.936646
70.966484
71.802086
71.871719
70.548683
71.85183
71.42408
72.58123
73.648598
73.868057
74.566338
74.576317
74.715973
74.406731
74.107468
73.92791
74.516457
75.653656
75.424225
74.077545
74.536415
73.758331
73.24958
72.172234
72.381714
71.17469
71.523827
79.484222
78.157494
76.092575
76.361916
76.292091
77.090118
77.37941
77.169922
77.179901
77.189873
77.558968
77.279655
76.40181
76.760925
76.770905
76.40181
75.344421
76.970421
77.957985
76.70108
75.773361
76.721031
77.34948
78.456757
78.546532
79.314644
80.332138
80.302208
81.060341
80.531647
79.953072
79.943092
79.374496
79.853317
79.554054
81.978081
82.746185
82.436951
82.706291
82.247414
82.44693
82.377098
82.586586
81.199997
82.199997
79.599998
